  -0.1863646254808130E+01
   0.7535430865435460E+00
   0.1706167732170456E+01
  -0.8928097010248257E+00
  -0.1510606936744095E+01
   0.1178380000730945E+01
   0.1194414677695905E+01
  -0.2799585996540082E+01
   0.1890428596416747E+01
  -0.7345118680166940E+00
  -0.1737716306805883E+01
   0.8604008653025923E+00
   0.1551614645548223E+01
  -0.1102382892533321E+01
  -0.1278631984330405E+01
   0.2013890883009155E+01
  -0.1916552949489830E+01
   0.7169573003463228E+00
   0.1768163792391936E+01
  -0.8315276407898496E+00
  -0.1590150544829062E+01
   0.1040279389212485E+01
