   0.9664597373330035E+00
   0.3074626578578675E-04
   0.3350951640121071E-01
   0.8413699238414729E+00
   0.1623390937990473E-04
   0.1586138422491472E+00
   0.6172348823960878E+00
   0.6153591274639123E-05
   0.3827589640126376E+00
   0.3368745306607069E+00
   0.2013702318261393E-05
   0.6631234556369748E+00
   0.1073004285378040E+00
   0.4800166972571660E-06
   0.8926990914454987E+00
   0.1786592114209946E-01
   0.7274751468436319E-07
   0.9821340061103859E+00
   0.2031483924973415E-02
   0.8142277783356159E-08
   0.9979685079327488E+00
   0.2076093439016395E-03
   0.8306077485067610E-09
   0.9997923898254906E+00
   0.2082417512179460E-04
   0.8329841429908955E-10
   0.9999791757415798E+00
   0.2083229471647004E-05
   0.8332935037760723E-11
   0.9999979167621954E+00
   0.2083328471883087E-06
   0.8333315602809495E-12
   0.9999997916663195E+00
   0.2083340149701284E-07
   0.8333360770334744E-13
   0.9999999791665152E+00
